# Cassini_75 Voyager_75 Cassini_EZ Voyager_EZ Pressure (mbar)
151.32 157.69 155.42 153.02 9.97
148.80 156.76 152.90 150.73 11.19
146.34 155.76 150.26 148.42 12.55
143.90 154.59 147.50 146.04 14.08
141.51 153.28 144.71 143.70 15.80
139.32 149.85 142.07 141.61 17.73
137.10 136.79 139.40 140.10 19.89
134.47 136.04 136.35 138.24 22.31
131.81 135.34 133.30 136.38 25.03
129.55 134.55 130.73 134.28 28.09
127.35 133.75 128.27 132.13 31.52
125.15 132.90 125.88 130.30 35.36
122.95 131.94 123.55 128.33 39.67
120.79 130.85 121.31 126.35 44.51
118.70 129.55 119.17 124.34 49.94
116.80 127.85 117.24 122.65 56.03
114.98 125.93 115.42 120.78 62.87
113.20 123.65 113.62 119.03 70.54
111.63 121.09 112.03 117.07 79.14
110.57 118.27 110.92 115.57 88.80
110.05 115.61 110.32 114.07 99.63
110.36 113.59 110.48 113.74 111.78
111.06 111.50 111.03 113.60 125.42
111.85 111.30 111.67 114.47 140.72
112.76 111.09 112.42 114.84 157.88
113.79 110.78 113.30 115.28 177.14
114.96 112.23 114.33 116.05 198.75
116.31 113.73 115.55 116.72 223.00
117.82 115.97 116.95 118.12 250.20
119.52 118.55 118.56 119.75 280.72
121.38 121.79 120.34 122.52 314.96
123.49 124.40 122.41 125.13 353.38
125.88 127.07 124.78 128.17 396.49
129.10 129.95 127.99 131.62 444.86
132.67 131.87 131.59 134.56 499.12
